JMP_rel  0000000000000000 0000000 1 0 0000000000000000 0000000 1 0 in i4
JMP_rm64  0000000000000000 0000000 2 0 0000000000000000 0000000 2 0 in rm8
JMP_far16  0000000000000000 0000000 3 0 0000000000000000 0000000 3 0 in m4
JMP_far32  0000000000000000 0000000 3 0 0000000000000000 0000000 3 0 in m6
JMP_far64  0000000000000000 0000000 3 0 0000000000000000 0000000 3 0 in m10

CALL_rel32  0000000000000000 0000000 1 0 0000001000000000 0000000 1 0 in i4 out* RSP 8
CALL_rm64  0000000000000000 0000000 2 0 0000001000000000 0000000 2 0 in rm8 out* RSP 8
CALL_far16  0000000000000000 0000000 3 0 0000001000000000 0000000 3 0 in m4 out* RSP 16
CALL_far32  0000000000000000 0000000 3 0 0000001000000000 0000000 3 0 in m6 out* RSP 16
CALL_far64  0000000000000000 0000000 3 0 0000001000000000 0000000 3 0 in m10 out* RSP 16

JO     0000000000000000 0000001 4 0 0000000000000000 0000000 4 0 in i4
JNO    0000000000000000 0000001 4 0 0000000000000000 0000000 4 0 in i4
JB     0000000000000000 1000000 4 0 0000000000000000 0000000 4 0 in i4
JAE    0000000000000000 1000000 4 0 0000000000000000 0000000 4 0 in i4
JE     0000000000000000 0001000 4 0 0000000000000000 0000000 4 0 in i4
JNE    0000000000000000 0001000 4 0 0000000000000000 0000000 4 0 in i4
JBE    0000000000000000 1001000 4 0 0000000000000000 0000000 4 0 in i4
JA     0000000000000000 1001000 4 0 0000000000000000 0000000 4 0 in i4
JS     0000000000000000 0000100 4 0 0000000000000000 0000000 4 0 in i4
JNS    0000000000000000 0000100 4 0 0000000000000000 0000000 4 0 in i4
JPE    0000000000000000 0100000 4 0 0000000000000000 0000000 4 0 in i4
JPO    0000000000000000 0100000 4 0 0000000000000000 0000000 4 0 in i4
JL     0000000000000000 0001100 4 0 0000000000000000 0000000 4 0 in i4
JGE    0000000000000000 0001100 4 0 0000000000000000 0000000 4 0 in i4
JLE    0000000000000000 1001100 4 0 0000000000000000 0000000 4 0 in i4
JG     0000000000000000 1001100 4 0 0000000000000000 0000000 4 0 in i4

LOOP    0010000000000000 0000000 4 0 0010000000000000 0000000 4 0 in i1
LOOPE   0010000000000000 0001000 4 0 0010000000000000 0000000 4 0 in i1
LOOPNE  0010000000000000 0001000 4 0 0010000000000000 0000000 4 0 in i1

JCXZ    0010000000000000 0000000 4 0 0000000000000000 0000000 4 0 in i1
JECXZ   0010000000000000 0000000 4 0 0000000000000000 0000000 4 0 in i1
JRCXZ   0010000000000000 0000000 4 0 0000000000000000 0000000 4 0 in i1

RET     0000001000000000 0000000 5 0 0000001000000000 0000000 5 0 in* RSP 8
RETF    0000001000000000 0000000 6 0 0000001000000000 0000000 6 0 in* RSP 16
RETP    0000001000000000 0000000 5 0 0000001000000000 0000000 5 0 in* RSP 8 in i2
RETPF   0000001000000000 0000000 6 0 0000001000000000 0000000 6 0 in* RSP 16 

# cpazsdo
# TODO flag based, system
